11275
38540
54206
50168
18362
44297
33058
49555
8298
3023
16452
22701
39980
26399
29592
36751
24902
58078
30838
42414
29776
25868
58215
41571
7901
17843
52289
44457
20867
1661
23120
763
54749
35075
17102
38370
59685
33359
12366
12115
52114
20566
32609
49382
37980
33614
34634
26994
9273
19803
56309
37928
26853
3819
58346
16862
43402
37384
33071
55839
13953
29319
55722
26972
23715
10530
59994
26886
48603
13335
7085
45076
23507
44327
37776
62576
30472
2886
18154
64151
31236
57810
34631
46647
9975
47186
58780
57167
8882
59552
8149
59788
21605
9799
32557
37186
51898
34063
39093
59676
26169
42589
757
46934
15206
2436
64142
8095
54874
14999
32641
53608
31364
61971
33877
57415
28001
54763
58188
55004
61303
59024
62213
43727
60599
12428
30479
52373
43644
55713
61637
21814
58881
20256
56600
10850
24739
16069
33653
4960
49136
9218
42059
2641
50222
56698
35330
23332
4563
49614
59579
18054
24151
39934
14066
12673
36993
28380
3850
56437
62648
47189
65034
33800
49268
35188
25329
9897
53697
19083
39429
53173
33332
38088
17563
49260
64778
38751
42673
31927
22374
63244
39878
12550
36206
44753
51963
1262
61478
59718
31431
52826
50221
3643
38317
12581
10605
55696
14059
41253
36234
33263
65261
30522
9913
2297
48844
30493
22700
20104
63441
51661
39484
32329
41618
47539
62887
48738
36981
63522
41023
32564
5449
4668
19972
35818
1155
4930
52089
41443
10669
24256
22813
17846
27929
11174
8595
12493
45090
64693
41776
46490
61026
8408
53269
2884
26290
63841
6910
34863
63089
10977
21361
25916
40787
18864
40776
61044
35359
15228
41715
51494
7106
50610
62111
46979
44023
21326
46514
34544
41402
17941
20786
27790
41097
28076
24043
19316
46420
60484
57779
19853
12943
46000
2381
62452
64214
20491
40806
43348
8404
15764
28187
53614
64582
2021
10491
61450
36550
51109
36412
30677
29301
50001
5322
2850
43022
26185
49806
58768
48236
63700
2185
64089
42686
29395
45605
18372
58204
64390
55199
29029
4807
41268
12854
57405
25740
9813
22682
13887
24794
27842
3301
39435
64990
44367
30595
19526
3569
53398
38458
43561
58584
36778
18431
36012
62477
36434
51174
12725
9068
5983
32647
10447
56306
7220
21919
14227
20685
19827
52511
46986
16109
45533
52555
30604
32788
52330
63832
55960
49899
53544
24373
30006
2451
25705
38537
15754
14961
5879
23541
63815
50937
5880
20094
44028
55602
5590
52970
40965
30156
2696
34845
16634
56676
31444
56658
26640
14010
14360
13485
15820
9471
49921
47973
16554
35798
49048
4553
60056
1424
22100
6665
28478
51917
510
37419
65417
17488
62219
59641
17353
45957
55831
60629
31092
15257
62126
10872
64607
48856
36740
34632
26916
4606
6225
24302
59396
50250
27019
3275
16586
26253
17860
49154
53627
51437
6537
2545
24378
64778
43957
7191
31434
9430
36667
53484
7401
50218
50969
42037
31396
45004
11066
49229
27360
1815
50238
26568
7394
20779
44610
49983
10264
47825
44650
35524
65478
8714
46652
1906
44520
40736
10475
31762
1981
19494
5136
29227
47235
23099
19695
37714
60348
62259
51134
21300
48304
52572
44446
34397
3217
49527
64074
12721
61485
40914
29240
6163
33192
9188
57193
21504
50806
25946
60470
15188
17966
56595
782
53554
26589
54217
3513
42563
14733
22992
10552
36811
46375
13134
43712
31521
13986
7446
37024
37575
48668
37857
32237
15723
56629
44220
6963
23324
11714
22933
32728
49921
51606
41754
39281
61751
4911
24811
15917
12930
56914
60790
14351
24358
39468
21352
34343
26923
62586
51716
55700
373
47890
50162
58393
21466
48870
52150
63408
6640
42392
20939
12298
57354
60779
1345
33428
31934
44675
24612
40372
10984
42226
32760
5776
1439
54379
59303
35925
32208
12772
20091
51882
49213
33797
34408
41245
30939
29284
56906
52491
21446
8356
14879
36162
34128
54834
42688
64604
20307
63978
8105
16107
19209
64078
63244
44940
27089
50123
10773
8835
27965
54950
28701
59261
42340
23143
730
34865
17456
11358
43687
14499
35716
38753
11238
14194
41652
25491
42157
54418
25668
17062
2984
47394
63372
20376
54583
15866
24717
46297
49748
58987
17428
24845
12319
23454
11312
38363
34532
55648
29372
42330
63268
53554
16935
15887
53679
29258
37177
37737
61607
48969
43614
42340
51610
17123
21380
3488
32697
19871
32216
30532
16422
55046
3583
12677
9329
44409
43808
55012
2027
144
1626
34184
7845
37870
64059
39842
38994
635
37915
54739
18556
34368
15520
20842
49287
13679
2766
39207
49527
46249
60133
5443
41719
1615
53584
1831
44523
35383
12070
31382
20971
64898
23230
8593
8712
35493
32855
439
11509
54267
61161
53833
19157
37184
32765
19657
36431
31044
20839
59444
2784
1618
49420
11283
28267
21508
24473
11597
35700
10912
31714
53069
25407
62671
44869
2157
46731
10985
63636
58755
51224
59715
4254
7597
10465
18310
42512
14737
59897
23453
38856
10341
61150
65159
27079
25951
52194
45417
31558
55845
18989
53496
45274
35417
30060
27125
42458
57905
53563
60968
12554
39366
50591
5011
21437
24922
29951
51740
5338
39937
29435
19701
29759
63036
23740
26245
33706
37305
14598
28173
53815
15935
4764
57322
5047
65204
13033
41547
14023
8166
12124
41686
47432
59838
2525
62516
54121
29500
36455
34625
13177
8633
60800
2183
16716
42360
5904
62077
52318
58375
17236
3460
19802
50467
21205
2657
32635
38067
39403
45329
39315
64596
23506
63114
16080
5401
45979
50875
54659
57052
10707
9929
7141
27120
27578
42193
61685
6757
59301
38964
36763
52729
53414
9777
13638
1761
50595
7283
63681
695
3119
44136
41694
19932
45451
47394
44687
44259
39719
29768
18877
24437
30506
20351
45477
52894
58405
3354
38182
46122
4201
57002
6947
64889
29885
51460
43987
60069
22196
56633
59119
50912
3011
35671
5943
43331
56042
22757
39768
53632
7768
28619
56763
51975
25644
50567
40337
44727
46290
25580
7432
51231
31055
42677
47032
64285
21451
62014
64181
31301
25540
35257
29304
25022
9425
11471
29429
21896
20018
6052
26974
20886
47515
56133
9769
61028
31769
25024
44675
47446
37814
52893
51036
11808
6977
60586
42780
59801
4604
33584
14102
59095
56003
26821
34832
53767
33896
1963
42777
37047
18156
30940
48814
10755
60928
30217
23766
55882
58461
25127
